-0.009094, 0.004517, 0.993835, 0.239258, 1.121521, -0.194397 
-0.003235, -0.005554, 1.010681, 0.014954, 0.687866, 0.037384 
-0.002502, -0.014099, 1.001831, -0.074768, 1.054230, 0.740204 
0.004211, 0.000244, 1.001587, -0.171967, 1.480408, 1.360779 
0.005615, 0.002136, 1.006531, -0.553284, 1.742096, 0.792542 
0.011780, 0.003418, 1.001831, -0.800018, 1.779480, 0.336456 
0.014771, 0.005676, 1.005981, -0.777588, 1.764526, 0.201874 
0.024719, -0.002869, 1.001465, -0.807495, 1.644897, 0.014954 
0.021240, -0.009460, 0.999329, -1.061707, 1.128998, 0.628052 
0.020569, -0.010681, 0.984375, -1.398163, 0.829926, 1.323395 
0.026001, -0.009155, 1.006592, -1.368256, -0.104675, 1.734619 
0.020752, 0.004944, 0.998108, -2.362671, -0.142059, 1.884155 
0.024109, 0.014893, 0.985901, -2.646790, -0.994415, 1.330872 
0.030396, -0.005188, 0.992493, -2.594452, -1.719666, 0.508423 
0.028992, 0.001709, 1.002197, -3.132782, -2.377625, 0.515900 
0.034790, -0.005066, 1.005859, -3.536530, -3.215027, 0.680389 
0.045837, -0.002258, 0.998901, -4.134674, -4.224396, 0.979462 
0.045288, 0.003601, 0.992188, -4.635620, -5.450592, 1.181335 
0.063660, -0.011658, 0.995117, -5.630035, -6.856232, 1.061707 
0.098328, -0.033020, 0.998291, -7.349701, -9.704895, 1.659851 
0.139343, -0.078979, 1.018188, -10.198364, -13.749847, 2.295380 
0.164978, -0.121765, 1.049194, -14.519958, -17.899475, 2.265472 
0.197327, -0.153870, 1.012085, -19.671478, -23.095856, 5.293579 
0.190491, -0.130432, 1.026245, -25.974426, -30.565186, 8.336639 
0.186218, -0.123230, 1.065796, -31.873627, -39.582214, 8.381500 
0.161804, -0.030029, 1.153503, -36.516724, -44.845886, 6.033783 
0.231201, -0.196777, 1.110962, -38.894348, -46.423492, -1.757050 
0.138062, -0.199524, 1.122498, -38.722382, -54.431152, 2.340240 
0.037048, -0.147583, 1.124207, -37.914886, -57.399445, 8.291779 
0.031860, -0.062744, 1.090881, -33.406372, -56.853638, 13.136749 
0.011658, -0.087341, 1.075317, -27.604370, -53.190002, 14.183502 
0.130432, -0.124268, 0.996277, -16.000366, -39.724274, 10.258179 
0.217346, -0.195923, 0.878296, -2.676697, -20.822906, 2.609406 
0.407837, -0.288513, 0.766296, 13.420868, 1.031799, -6.616974 
0.326294, -0.388428, 0.823608, 29.525909, 10.654449, -12.501221 
0.219971, -0.399475, 0.953064, 46.999207, 25.301514, -10.729218 
0.307922, -0.456787, 0.914978, 56.382599, 41.600952, -7.768402 
0.192688, -0.411804, 1.033569, 57.324677, 49.847870, -2.758942 
0.130798, -0.298340, 1.073975, 54.431152, 57.496643, 1.241150 
0.105408, -0.227844, 1.065552, 54.416199, 63.665009, 0.964508 
0.075928, -0.231079, 1.042664, 55.978851, 67.695007, 0.134583 
0.050598, -0.230347, 1.056946, 58.894806, 69.728699, 1.786957 
0.045715, -0.229309, 1.044067, 63.575287, 71.231537, 5.959015 
0.032166, -0.240540, 1.048157, 68.382874, 69.863281, 11.394653 
0.029785, -0.207214, 1.052307, 73.018494, 67.866974, 17.293854 
0.044067, -0.187012, 1.052673, 77.198029, 64.636993, 22.714539 
0.062439, -0.172913, 1.063660, 79.022369, 59.679871, 27.970734 
0.065247, -0.129517, 1.061890, 76.592407, 54.932098, 32.598877 
0.057434, -0.106323, 1.065430, 73.668976, 48.905792, 36.389618 
0.013184, -0.053406, 1.050110, 67.956696, 40.785980, 39.156036 
0.009521, 0.012817, 1.041626, 60.980835, 40.299988, 35.769043 
0.001953, 0.074890, 1.042786, 55.762024, 37.653198, 32.090454 
0.013916, 0.077087, 0.989685, 48.397369, 36.180267, 23.791199 
0.078918, 0.011841, 0.905579, 42.804718, 30.296021, 16.112518 
0.021851, -0.014587, 0.828003, 39.283142, 16.486359, 13.002167 
-0.007629, -0.001282, 0.902100, 34.797058, 9.458160, 7.768402 
0.137207, -0.072998, 0.874939, 34.542847, 16.067657, 0.485992 
-0.054016, -0.112854, 0.922119, 32.703552, 3.147736, 1.697235 
-0.068298, -0.119019, 0.973816, 33.167114, 1.936493, 1.091614 
-0.153015, -0.163147, 1.184143, 35.223236, 5.450592, 5.906677 
-0.008850, -0.072876, 1.028442, 25.608063, 17.308807, 17.338715 
0.257263, -0.133728, 0.701416, 17.877045, 20.516357, 11.932983 
0.142395, -0.256104, 0.816406, 20.329437, 11.536713, 6.714172 
0.126770, -0.263184, 0.857910, 23.222961, 12.254486, 10.953522 
0.134277, -0.188110, 0.881653, 24.950104, 12.030182, 14.168549 
0.124878, -0.202209, 0.910645, 26.041718, 13.450775, 11.559143 
0.129272, -0.237244, 0.933044, 25.383759, 14.579773, 9.383392 
0.202026, -0.263916, 0.898071, 23.103333, 16.964874, 7.529144 
0.223877, -0.344177, 0.824280, 22.348175, 17.877045, 5.256195 
0.215576, -0.287231, 0.793152, 23.327637, 16.777954, 5.345917 
0.212891, -0.198669, 0.796875, 24.568787, 17.420959, 1.226196 
0.228760, -0.205017, 0.789551, 27.051086, 19.252777, -8.089905 
0.183716, -0.218018, 0.852722, 29.742737, 22.482758, -15.073242 
0.168579, -0.172974, 0.857666, 31.066132, 27.985687, -21.256561 
0.151306, -0.165649, 0.829834, 31.768951, 30.871735, -28.426819 
0.118652, -0.162842, 0.804077, 30.886688, 31.529694, -33.241882 
0.013123, -0.145874, 0.844238, 29.129639, 30.011902, -36.187744 
-0.001404, -0.061707, 0.853638, 25.937042, 28.867950, -34.871826 
0.027832, -0.023376, 0.790222, 19.043427, 24.486542, -34.169006 
-0.016052, -0.031006, 0.778687, 11.499329, 20.680847, -33.107300 
0.018860, -0.013550, 0.734314, -0.351410, 15.574188, -26.542664 
-0.106567, 0.044678, 0.888550, -8.949738, 1.360779, -18.692017 
-0.060669, -0.046814, 0.650391, -20.785522, -2.691650, -12.134857 
-0.191467, 0.092163, 0.772339, -27.252960, -19.798584, -4.583282 
-0.251892, 0.053772, 0.904419, -27.275391, -32.419434, 0.837402 
0.117615, -0.346436, 0.809021, -18.078918, -26.370697, -5.046844 
0.307129, -0.307556, 0.774719, -24.628601, -23.955688, -7.574005 
1.516846, -0.933105, 0.641602, -13.824615, -22.123871, -50.961914 
1.186462, -1.783813, 0.679199, -25.727692, -44.681396, -85.332794 
-0.148071, -1.438477, 1.449890, -36.307373, -73.758698, -1.099091 
-0.419678, -0.632507, 1.810974, -37.025146, -89.422607, 82.274780 
0.503662, 0.320435, 1.303528, -40.965424, -81.512146, 92.675018 
0.157898, 0.647766, 1.035095, -62.401428, -75.037231, 73.534393 
-0.387756, 0.639954, 1.522278, -52.487183, -89.594574, 25.174408 
-0.489441, 0.250671, 1.149414, -39.103699, -65.175323, -0.867310 
-0.142029, -0.369141, 0.937927, -23.948212, -62.364044, -15.626526 
-0.193176, -0.263184, 1.581360, -22.535095, -62.984619, -17.346191 
-0.115356, -0.283447, 0.943604, -28.666077, -30.101624, -5.607605 
-0.106079, -0.080627, 0.975586, -22.064056, -31.327820, -4.942169 
0.061584, -0.209106, 0.926270, -14.819031, -20.426636, -7.686157 
0.193298, -0.249146, 0.971863, -16.172333, -26.333313, -2.310333 
0.157776, -0.347961, 1.103027, -11.955414, -28.905334, 11.327362 
0.039490, -0.180603, 0.919678, -14.460144, -26.677246, 21.510773 
0.034485, -0.081360, 0.886047, -12.755432, -28.067932, 9.936676 
0.033691, -0.055847, 0.962341, -10.863800, -29.914703, -5.024414 
0.030884, -0.175598, 0.971375, -10.355377, -31.978302, -18.288269 
0.000183, -0.150574, 0.973206, -10.579681, -32.651215, -25.099640 
0.001831, -0.301147, 0.981506, -10.430145, -33.421326, -30.669861 
0.012268, -0.375000, 1.002502, -13.495636, -34.251251, -25.510864 
-0.010925, -0.278259, 0.993042, -15.731201, -32.815704, -15.805969 
-0.039612, -0.194336, 1.004822, -17.039642, -32.554016, -15.065765 
-0.066101, -0.123718, 1.010742, -17.017212, -29.107208, -19.402313 
-0.050659, -0.179077, 1.001526, -17.084503, -29.690399, -26.879120 
0.053467, -0.265625, 1.010864, -15.776062, -27.955780, -25.503387 
-0.043457, -0.285400, 0.979553, -18.467712, -30.198822, -19.237823 
0.054260, -0.125610, 1.032593, -20.052795, -32.882996, -13.615265 
-0.062378, -0.164368, 1.022522, -19.925690, -30.176392, -13.316193 
-0.091919, -0.181519, 1.007507, -20.568695, -29.114685, -15.850830 
-0.098755, -0.206970, 1.030823, -22.796783, -24.957581, -15.536804 
-0.142639, -0.199036, 1.015259, -23.783722, -24.396820, -15.626526 
-0.112366, -0.170105, 1.027771, -23.245392, -23.387451, -13.779755 
-0.113098, -0.141602, 1.013367, -22.886505, -22.729492, -14.190979 
-0.113525, -0.180908, 1.004761, -22.594910, -22.886505, -14.497528 
-0.110229, -0.188049, 0.983887, -23.282776, -23.200531, -13.435822 
-0.104553, -0.142517, 1.035400, -23.282776, -24.015503, -11.439514 
-0.088562, -0.127563, 1.019958, -22.116394, -25.211792, -10.781555 
-0.076599, -0.153259, 1.020081, -22.834167, -27.409973, -13.540497 
-0.083191, -0.126099, 1.036194, -24.292145, -29.398804, -15.110626 
-0.069519, -0.114807, 0.992859, -25.166931, -32.434387, -16.695709 
-0.080933, -0.111084, 0.997192, -25.503387, -36.232605, -17.248993 
-0.097778, -0.195679, 1.010376, -27.439880, -40.359802, -16.964874 
-0.144836, -0.218933, 1.042236, -30.901642, -42.169189, -13.652649 
-0.152771, -0.172302, 1.068787, -35.133514, -42.229004, -12.075043 
-0.159790, -0.137268, 1.058105, -38.677521, -42.886963, -13.794708 
-0.192871, -0.096252, 1.071655, -40.299988, -44.793549, -15.828400 
-0.178772, -0.089905, 1.046021, -42.161713, -45.369263, -15.955505 
-0.206726, -0.086731, 1.067566, -42.692566, -44.868317, -15.895691 
-0.203979, -0.130798, 1.042480, -43.903809, -44.673920, -14.325562 
-0.203247, -0.137085, 1.036743, -46.759949, -46.528168, -13.630219 
-0.160645, -0.126831, 1.074768, -49.227295, -50.961914, -15.476990 
-0.101379, -0.105835, 1.154968, -53.003082, -54.610596, -19.252777 
-0.068115, -0.139221, 1.258728, -55.754547, -58.162079, -24.030457 
-0.044556, -0.171875, 1.318970, -58.109741, -60.135956, -29.069824 
0.079224, -0.082397, 1.346375, -61.668701, -62.334137, -33.832550 
0.089050, 0.005310, 1.314880, -62.640686, -71.642761, -37.481232 
0.146912, 0.000916, 1.215332, -65.212708, -88.009491, -46.782379 
0.009094, 0.020386, 1.325073, -67.627716, -61.564026, -72.196045 
0.377502, -0.252869, 1.196228, -60.554657, -74.102631, -96.002197 
0.224548, -0.494324, 1.115295, -61.691132, -124.810333, -103.060303 
-0.046692, -0.493347, 1.266846, -68.442688, -137.513428, -96.136780 
-0.545532, -0.263977, 1.650696, -86.588898, -133.251648, -84.854279 
-0.455994, -0.214905, 1.460449, -88.936615, -123.090668, -61.309814 
-0.742737, 0.096680, 1.569275, -91.785278, -116.159668, -37.937317 
-0.513794, 0.155945, 1.393738, -80.315857, -91.875000, -40.045776 
-0.578491, -0.111938, 1.208191, -64.479980, -77.953186, -44.943085 
-0.559814, -0.016296, 0.985474, -57.668610, -54.603119, -44.509430 
-0.067932, -0.199524, 0.887390, -31.679230, -22.146301, -51.806793 
0.197937, -0.353516, 0.532104, -18.789215, 1.383209, -46.423492 
-0.202942, -0.180969, 0.570129, -12.336731, 8.388977, -28.920288 
-0.172913, -0.181213, 0.563293, 10.198364, 25.077209, -22.400513 
-0.236816, -0.212952, 0.565002, 29.451141, 42.333679, -9.248810 
-0.232605, -0.208618, 0.591248, 52.733917, 58.894806, 8.680573 
-0.232178, -0.078308, 0.650330, 65.915527, 68.562317, 21.398621 
-0.326660, -0.025818, 0.666016, 78.386841, 84.944000, 30.722198 
-0.388733, 0.113770, 0.704346, 84.921570, 94.686279, 36.352234 
-0.480164, 0.264038, 0.779297, 90.775909, 104.555664, 36.172791 
-0.497742, 0.417786, 0.814209, 93.549805, 111.778259, 27.866058 
-0.464172, 0.541931, 0.814087, 94.701233, 115.015717, 11.342316 
-0.460083, 0.600037, 0.861450, 96.248932, 115.023193, -6.848755 
-0.519104, 0.585815, 0.977783, 97.213440, 112.817535, -28.770752 
-0.557434, 0.536621, 1.111694, 97.691956, 109.400635, -46.101990 
-0.535400, 0.416992, 1.159790, 95.082550, 102.746277, -49.698334 
-0.531982, 0.231995, 1.140869, 88.106689, 95.680695, -42.520599 
-0.555176, 0.183777, 1.140686, 80.016785, 87.777710, -28.352051 
-0.317139, 0.130066, 1.052551, 79.687805, 72.644653, 15.230255 
-0.257812, 0.120056, 1.021179, 77.855988, 69.287567, 25.196838 
-0.239258, 0.154236, 1.058960, 77.250366, 64.300537, 34.071808 
-0.226013, 0.142090, 1.099609, 78.125153, 62.035065, 39.410248 
-0.193848, 0.109924, 1.127930, 78.536377, 58.334045, 42.423401 
-0.169495, 0.064392, 1.150330, 78.341980, 55.373230, 45.915070 
-0.119629, 0.047668, 1.128479, 72.966156, 52.367554, 48.135681 
-0.087219, 0.058411, 1.134338, 65.683746, 48.412323, 46.864624 
-0.100891, 0.021118, 1.138184, 59.859314, 48.569336, 42.258911 
-0.107483, -0.028015, 1.200378, 56.023712, 49.324493, 37.855072 
-0.078857, -0.197266, 1.195862, 48.973083, 49.174957, 34.213867 
-0.033081, -0.314514, 1.161560, 39.791565, 50.550690, 36.957855 
-0.004883, -0.264465, 1.077698, 29.533386, 51.836700, 41.713104 
-0.047424, -0.169739, 1.057251, 28.486633, 51.844177, 46.393585 
-0.047180, -0.200562, 1.014893, 27.290344, 56.225586, 39.410248 
-0.004028, -0.163879, 0.997681, 24.553833, 54.468536, 39.051361 
-0.015625, -0.195923, 1.038635, 21.548157, 52.419891, 36.337280 
-0.043274, -0.215393, 1.088135, 13.136749, 45.802917, 35.327911 
-0.117310, -0.229553, 1.175171, -2.646790, 45.279541, 35.155945 
-0.134155, -0.246399, 1.185303, -25.832367, 49.989929, 38.797150 
-0.105835, -0.319092, 1.193237, -54.954529, 47.963715, 36.516724 
-0.132935, -0.118652, 1.172058, -88.345947, 41.518707, 45.937500 
-0.162842, 0.143921, 1.231995, -105.228577, 50.303955, 34.864349 
-0.446167, -0.113403, 1.286499, -112.189484, 65.758514, 26.168823 
-0.112976, 0.335388, 1.068604, -130.111389, 89.243164, 32.030640 
0.117676, 0.583618, 0.966309, -144.556580, 77.766266, 8.703003 
0.102417, 0.509644, 0.741516, -137.034912, 58.648071, -12.157288 
0.053101, 0.444275, 0.752625, -113.004456, 42.797241, -22.692108 
-0.077515, 0.380920, 0.601379, -85.482330, 26.879120, -29.839935 
-0.042542, 0.027405, 0.666077, -60.995789, 23.163147, -39.537354 
-0.117432, -0.153259, 0.825134, -66.005249, 6.833801, -27.566986 
-0.252319, 0.004089, 1.160889, -105.849152, -8.508606, -17.503204 
-0.189087, 0.284973, 1.060791, -156.220398, -17.406006, -40.404663 
-0.090576, 0.930725, 1.096924, -168.661804, -11.641388, -52.980652 
0.021179, 0.898499, 0.353577, -108.727722, -28.688507, -61.496735 
-0.309082, 0.370361, 0.594299, -84.644928, -48.315125, -86.282349 
0.082275, 0.301208, 0.577759, -97.811584, -59.358368, -89.788971 
-0.209778, 0.880737, 0.523010, -87.493591, -97.430267, -61.758423 
0.085571, 0.886658, 0.477722, -48.524475, -106.821136, -66.192169 
-0.151367, 0.156311, 0.604370, 6.512299, -139.681702, -37.982178 
-1.500549, -0.687073, 1.286621, -38.535461, -97.063904, -45.032806 
1.769653, 0.721252, 0.891724, -110.282898, -93.908691, 19.933167 
-0.388367, 0.386902, 1.758057, -114.170837, -139.591980, -32.389526 
0.346252, 0.401245, 1.584595, -41.541138, -37.271881, -22.101440 
0.148132, -0.086792, 1.606079, -8.411407, -78.386841, 16.538696 
-0.063110, 0.375061, 1.454712, 1.345825, -51.462860, 18.639679 
0.369019, -0.260742, 1.343750, 23.858490, -24.815521, 26.617432 
0.192566, 0.529724, 0.999084, -18.946228, -2.930908, 5.734711 
0.422363, 0.602722, 0.568054, -12.725525, -4.538422, 0.336456 
0.190857, 0.350403, 0.872314, 1.742096, -25.989380, -7.454376 
0.182251, 0.338684, 1.049744, 9.944153, -22.370605, 1.555176 
0.097900, 0.313232, 1.028320, 20.172424, -14.116211, 4.702911 
-0.033813, 0.321472, 0.983826, 20.852814, -13.263855, 8.800201 
-0.090027, 0.239380, 0.946655, 21.316376, -7.252502, 5.712280 
-0.126038, 0.266785, 0.947815, 18.445282, -0.837402, 5.383301 
-0.168640, 0.258484, 0.937073, 14.990997, 0.628052, 3.229980 
-0.175354, 0.242310, 0.922119, 12.553558, -2.915955, 2.332764 
-0.170837, 0.266846, 0.913330, 10.213318, -6.265564, 1.704712 
-0.161926, 0.263306, 0.866821, 7.940369, -7.775879, -0.463562 
-0.122742, 0.287292, 0.897827, 6.549683, -9.039459, -2.287903 
-0.068787, 0.257263, 0.923279, 2.631836, -11.521759, -5.405731 
-0.064087, 0.197632, 0.995178, 2.205658, -9.839478, -5.226288 
-0.106140, 0.173889, 1.082520, 1.547699, -10.362854, -6.003876 
-0.056335, 0.286743, 1.025452, -0.358887, -8.426361, -6.721649 
0.024780, 0.305542, 0.869934, -2.317810, -9.353485, -8.598328 
0.044189, 0.279663, 0.930847, 1.308441, -13.465729, -9.480591 
0.065491, 0.214905, 1.013794, 0.373840, -14.901276, -9.517975 
0.053955, 0.198730, 1.061646, -1.031799, -12.949829, -6.258087 
0.044983, 0.208435, 1.043823, -0.134583, -7.334747, -1.674805 
0.012024, 0.216309, 1.046570, 0.927124, -5.824432, 0.089722 
-0.005066, 0.242188, 1.010010, 0.979462, -2.444916, 2.669220 
-0.035217, 0.250854, 0.956421, 2.123413, -1.166382, 4.276733 
-0.063843, 0.225769, 0.997925, 3.798218, -0.448608, 6.063690 
-0.092957, 0.228943, 1.014099, 4.388885, 0.403748, 7.783356 
-0.069214, 0.270996, 0.953735, 3.454285, 1.143951, 7.910461 
-0.045227, 0.320679, 0.899719, 3.581390, 0.575714, 5.001984 
-0.009583, 0.322998, 0.879639, 3.641205, -1.682281, 0.209351 
-0.009827, 0.268738, 0.945801, 3.798218, -4.979553, -3.917847 
-0.007385, 0.231873, 0.994263, 3.977661, -5.009460, -4.059906 
0.002441, 0.233032, 0.979736, 3.895416, -3.902893, -2.115936 
0.016663, 0.267944, 0.949341, 4.523468, -2.639313, 0.074768 
0.013672, 0.280212, 0.914795, 5.016937, -1.525269, 1.929016 
0.011841, 0.270630, 0.933411, 5.540314, -2.213135, 2.370148 
-0.039429, 0.213379, 0.994690, 5.301056, -2.459869, 2.609406 
-0.039856, 0.203186, 1.026917, 5.607605, -0.807495, 3.267365 
-0.048706, 0.233398, 0.989563, 4.800110, 1.629944, 3.229980 
-0.045654, 0.244263, 0.937195, 3.708496, 1.570129, 2.631836 
-0.081360, 0.179260, 1.017944, 3.566437, -0.396271, 0.755157 
-0.099548, 0.148010, 1.073486, 3.065491, -1.114044, 0.620575 
-0.088074, 0.224670, 0.985718, 0.732727, 1.323395, 3.087921 
-0.075134, 0.293945, 0.892761, 0.560760, 1.263580, 2.631836 
-0.056946, 0.312439, 0.888855, 0.351410, -1.757050, -1.293488 
