-0.004822, 0.004883, 0.997192, 0.418701, 0.515900, -0.523376 
-0.000549, 0.003906, 0.996948, 0.568237, 0.695343, -0.777588 
-0.005798, 0.005554, 1.002747, 0.605621, 0.672913, -0.912170 
0.002136, 0.015930, 0.992981, 0.643005, 0.919647, -1.061707 
0.004028, 0.009583, 0.991577, 1.293488, 0.979462, -1.667328 
0.003662, -0.009644, 0.998108, 1.016846, 0.814972, -1.943970 
0.010315, -0.009155, 1.007385, 1.061707, 0.433655, -1.876678 
-0.000427, 0.000793, 1.003906, 0.441132, 1.233673, -1.375732 
-0.003296, 0.008972, 1.000366, 0.867310, 0.942078, -1.525269 
0.000000, -0.001770, 1.000366, 1.039276, 1.001892, -2.183228 
0.003113, -0.020325, 1.003540, 1.054230, 0.740204, -1.921539 
0.004944, -0.009705, 1.002869, 0.508423, 1.054230, -1.196289 
0.008789, -0.008301, 1.001709, 0.082245, 0.829926, -0.889740 
0.011414, -0.007507, 0.996033, 0.134583, 0.411224, -1.106567 
0.011414, -0.019226, 1.001160, -0.037384, -0.164490, -1.151428 
-0.000610, -0.000183, 1.009766, -0.635529, 0.216827, -0.792542 
0.001343, 0.012024, 0.997559, -0.770111, 0.575714, -1.061707 
-0.007385, 0.012695, 1.001831, -0.186920, 0.568237, -1.682281 
-0.001343, 0.009094, 0.996765, 0.224304, 0.665436, -2.160797 
-0.005432, -0.005615, 1.004089, 0.628052, 0.493469, -2.355194 
0.004456, -0.010010, 1.003723, 0.755157, 0.882263, -2.168274 
-0.003235, -0.007202, 0.999146, 0.650482, 1.181335, -1.674805 
-0.008667, -0.020142, 1.003357, 0.620575, 1.248627, -1.480408 
0.000122, -0.025391, 1.010010, 0.456085, 1.143951, -1.106567 
0.011475, -0.011597, 1.008972, -0.441132, 1.390686, -0.725250 
0.018127, 0.006287, 0.992310, -0.598145, 1.031799, -1.069183 
0.018311, -0.009644, 0.997375, -0.358887, 0.381317, -1.906586 
0.035339, -0.030334, 1.016968, -0.665436, -0.299072, -2.362671 
0.058289, -0.015076, 1.027161, -2.205658, -1.607513, -1.973877 
0.080200, 0.013672, 1.033508, -3.424377, -1.271057, -2.362671 
0.082275, -0.015625, 0.981873, -5.570221, -2.586975, -1.450500 
0.072266, -0.068176, 1.007446, -6.138458, -7.940369, -0.807495 
0.053711, -0.154907, 1.015869, -4.874878, -9.428253, 0.022430 
0.042786, -0.102173, 1.024658, -6.975861, -11.514282, 4.134674 
0.049133, -0.095398, 1.003113, -10.026398, -14.355469, 4.815063 
0.028931, -0.055603, 1.006592, -9.876862, -15.170441, 7.648773 
-0.002502, -0.077209, 1.059753, -9.503021, -15.805969, 9.061890 
0.005859, -0.024658, 1.038208, -8.568420, -14.938660, 11.888123 
-0.011353, -0.034546, 1.049927, -7.813263, -15.641479, 10.325470 
0.000977, -0.074524, 1.067444, -10.168457, -14.602203, 8.942261 
0.113342, -0.206482, 0.973877, -4.015045, -9.039459, 8.560944 
0.161621, -0.276428, 0.977844, 8.673096, -3.319702, 13.256378 
0.299500, -0.410950, 0.904907, 18.108826, 6.893616, 18.108826 
0.251648, -0.464478, 0.952698, 28.180084, 14.056396, 24.105225 
0.247681, -0.459595, 0.966248, 32.554016, 21.047211, 28.561401 
0.206726, -0.362976, 0.980164, 33.690491, 25.540771, 32.120361 
0.139893, -0.266174, 1.038452, 35.918579, 27.895966, 33.017578 
0.129578, -0.175781, 0.969238, 34.483032, 29.667969, 29.473572 
0.119019, -0.095276, 0.945312, 35.537262, 28.284760, 22.049103 
0.098877, -0.107666, 0.932617, 39.903717, 28.367004, 12.949829 
0.097778, -0.093140, 0.958374, 41.324310, 27.753906, 5.144043 
0.106323, -0.115234, 0.954956, 41.952362, 28.195038, 0.216827 
0.121216, -0.127441, 0.938049, 41.630859, 28.695984, -2.751465 
0.088928, -0.094788, 0.946350, 41.653290, 26.684723, -4.231873 
0.082214, -0.074524, 0.915771, 41.728058, 24.972534, -3.992615 
-0.015625, -0.030640, 0.980408, 40.658875, 20.426636, -2.983246 
-0.065674, 0.113281, 1.000427, 38.094330, 19.394836, 0.755157 
-0.150635, 0.145630, 1.056824, 34.879303, 13.308716, 4.187012 
-0.075623, 0.137695, 0.952454, 29.488525, 11.454468, 8.374023 
-0.213501, 0.145569, 0.832642, 24.150085, 2.609406, 11.222687 
-0.251282, 0.234009, 0.889221, 20.583649, -3.312225, 14.265747 
-0.390991, 0.318726, 1.060120, 16.934967, -12.441406, 19.873352 
-0.444397, 0.287842, 1.027344, 10.818939, -18.557434, 30.146484 
-0.395264, 0.294983, 1.104919, 1.241150, -29.757690, 41.862640 
-0.642334, 0.422241, 1.682190, -1.697235, -34.393311, 40.038300 
-0.062317, 0.038818, 1.165833, -1.278534, -7.783356, 26.759491 
0.239197, -0.327515, 0.643616, -8.059998, -0.785065, 1.360779 
-0.075378, -0.133362, 1.057617, 3.701019, -13.690033, -3.446808 
-0.020447, -0.007446, 1.012939, 5.069275, -4.740295, -5.854340 
0.072876, 0.075745, 0.946838, 7.917938, -7.925415, -7.873077 
0.102783, 0.077332, 0.898560, 10.026398, -5.188904, -9.248810 
0.051819, -0.109497, 0.940125, 13.802185, -10.901184, -13.652649 
-0.023865, -0.290283, 1.057129, 18.078918, -9.091797, -7.977753 
0.019409, -0.382202, 0.998291, 14.048920, -1.300964, -0.328979 
0.032349, -0.061035, 1.039368, 9.017029, -3.110352, 5.211334 
-0.022827, -0.148438, 1.025818, 8.299255, -6.587067, -1.196289 
-0.003906, -0.205933, 1.021912, 5.861816, -9.256287, -6.818848 
0.015747, -0.293945, 0.977844, 3.229980, -6.781464, -6.826324 
0.041199, -0.254578, 1.000977, -2.198181, -8.874969, -3.783264 
0.017944, -0.160706, 1.075562, -3.902893, -11.275024, 2.699127 
-0.004822, -0.200256, 1.028076, -4.740295, -11.424561, 5.121613 
0.019104, -0.154602, 0.992432, -7.738495, -10.646973, 7.200165 
-0.019043, -0.101440, 1.022644, -7.574005, -11.476898, 5.787048 
0.053284, -0.073364, 0.963928, -8.359070, -9.129181, 1.046753 
-0.015808, -0.198669, 1.003906, -7.147827, -13.293762, -4.403839 
-0.036560, -0.281921, 1.040527, -7.551575, -12.987213, -0.553284 
-0.003174, -0.231628, 1.035583, -10.901184, -10.676880, 5.682373 
-0.015076, -0.091675, 1.024719, -13.989105, -8.172150, 8.418884 
-0.024475, -0.024475, 1.008728, -13.757324, -9.009552, 4.231873 
-0.040527, -0.103943, 1.007202, -11.977844, -10.923615, -2.758942 
0.023682, -0.060730, 1.016479, -11.073151, -10.818939, -4.299164 
0.000488, -0.065857, 0.997314, -9.241333, -10.071259, -5.203857 
-0.017883, -0.151001, 1.013794, -8.149719, -12.000275, -5.390778 
-0.058167, -0.145996, 1.040833, -8.949738, -8.635712, -1.779480 
-0.028503, -0.054993, 1.002686, -9.637604, -7.536621, -0.403748 
-0.033569, -0.058777, 1.012695, -7.768402, -7.342224, -4.329071 
-0.023926, -0.087219, 1.000488, -6.639404, -8.261871, -6.856232 
-0.040833, -0.174072, 1.024841, -6.205750, -8.688049, -6.818848 
-0.035706, -0.152466, 1.009644, -8.964691, -8.239441, -4.493561 
-0.029602, -0.079895, 1.006104, -11.028290, -7.723541, -3.200073 
-0.016357, -0.002808, 0.994873, -9.981537, -8.000183, -4.426270 
-0.005127, -0.032288, 0.984497, -7.035675, -9.129181, -6.818848 
-0.003418, -0.094788, 1.012817, -5.420685, -10.781555, -7.125397 
-0.041077, -0.190491, 1.016113, -6.489868, -11.484375, -4.972076 
-0.083252, -0.172546, 1.036804, -10.482483, -11.192780, -0.852356 
-0.096069, -0.100403, 1.018555, -12.269440, -9.420776, 1.824341 
-0.087585, -0.075012, 1.027466, -12.762909, -8.897400, -0.014954 
-0.082214, -0.104675, 1.038940, -12.830200, -8.052521, -2.908478 
-0.051514, -0.100647, 1.037354, -13.398438, -8.089905, -4.299164 
-0.016174, -0.166504, 1.047058, -13.555450, -6.901093, -6.759033 
0.010132, -0.051025, 1.032715, -17.488251, -7.932892, -1.555176 
0.039001, -0.084473, 1.016663, -18.744354, -8.688049, -3.229980 
0.050598, -0.131165, 1.030640, -21.787415, -12.411499, -3.738403 
0.047607, -0.209167, 1.059204, -27.596893, -14.482574, -4.957123 
0.050537, -0.236633, 1.049805, -34.483032, -13.256378, -3.416901 
0.033020, -0.171204, 1.066711, -37.518616, -24.120178, 5.316010 
0.025085, -0.165344, 1.111877, -39.380341, -32.075500, 10.250702 
0.047913, -0.187988, 1.085022, -42.677612, -34.692383, 13.413391 
0.009277, -0.050110, 1.132751, -44.531860, -37.017670, 14.355469 
-0.015442, -0.114563, 1.144836, -40.823364, -41.563568, 8.575897 
0.013184, -0.229431, 1.160950, -33.271790, -44.636536, 9.839478 
-0.090820, -0.237366, 1.109497, -31.140900, -39.425201, 20.942535 
-0.078247, -0.128235, 0.938843, -23.551941, -27.993164, 33.757782 
0.147217, -0.356506, 0.785889, 5.757141, -14.355469, 37.862549 
0.299011, -0.600464, 0.822754, 37.578430, -5.764618, 44.614105 
0.154785, -0.709045, 1.051270, 54.461060, 2.482300, 58.670502 
0.078979, -0.406799, 1.084595, 41.533661, 18.026581, 63.096771 
0.076172, 0.006165, 0.972961, 29.548340, 32.367096, 50.251617 
0.020935, 0.091553, 0.994202, 27.529602, 40.419617, 19.933167 
0.037720, 0.100952, 0.921814, 26.408081, 48.711395, -9.136658 
0.042480, 0.025330, 0.978821, 29.996948, 51.926422, -34.983978 
0.013794, -0.068909, 1.066711, 33.660583, 53.504028, -45.234680 
0.066772, -0.154358, 1.010742, 35.813904, 53.960114, -45.907593 
0.068237, -0.177979, 0.995361, 37.092438, 51.425476, -37.638245 
-0.007935, -0.124573, 1.019653, 39.791565, 50.505829, -24.224854 
0.027405, -0.052429, 1.005005, 41.900024, 50.281525, -16.471405 
-0.019592, -0.017883, 1.021729, 44.718781, 47.956238, -12.329254 
-0.056763, 0.063782, 1.101685, 47.612305, 46.924438, -9.727325 
-0.146301, 0.218933, 1.139160, 44.531860, 47.903900, -6.392670 
-0.128296, 0.302490, 0.979065, 30.580139, 48.576813, -18.258362 
-0.205139, 0.098755, 0.938538, 31.462402, 41.780396, -32.411957 
-0.184265, 0.097534, 0.972595, 32.247467, 42.116852, -33.967133 
-0.183533, 0.188843, 0.925537, 28.524017, 39.028931, -37.152252 
-0.123047, 0.204773, 0.893433, 27.021179, 34.580231, -43.320618 
-0.087524, 0.144653, 0.934875, 23.365021, 29.084778, -46.744995 
-0.200317, 0.136169, 1.186279, 21.054688, 23.910828, -39.761658 
-0.176147, -0.020020, 1.109863, 13.024597, 28.606262, -22.662201 
-0.194641, -0.129883, 0.867676, 6.153412, 16.957397, -2.579498 
-0.329285, 0.073669, 1.062622, 5.001984, 3.633728, 22.019196 
-0.323975, 0.046875, 1.027161, 3.454285, -4.164581, 33.540955 
-0.348633, 0.018311, 0.994812, -0.508423, -13.742371, 38.871918 
-0.386719, 0.042725, 1.016113, -4.127197, -20.845337, 34.602661 
-0.252319, -0.117920, 1.040161, -2.071075, -22.609863, 19.716339 
-0.185547, -0.284302, 1.108276, 5.712280, -11.140442, 7.551575 
0.093872, -0.526245, 0.927246, 11.058197, -2.684174, 2.138367 
0.018311, -0.423279, 0.973328, 9.966583, -6.071167, 9.031982 
0.070618, -0.248474, 0.992310, 12.501221, -4.844971, 22.198639 
0.208374, -0.177917, 1.013123, 12.890015, -11.589050, 30.176392 
0.292908, -0.017761, 1.098083, 5.398254, -12.247009, 31.873627 
0.246216, 0.182007, 1.059631, -3.125305, -8.381500, 25.623016 
0.132935, 0.184021, 0.997314, -7.760925, -12.082520, 4.874878 
-0.080261, -0.132446, 0.989075, -3.992615, -19.454651, -12.852631 
-0.147095, -0.272766, 1.088440, -2.459869, -22.811737, -17.428436 
-0.078491, -0.366821, 1.052185, -5.218811, -17.084503, -16.381683 
-0.062927, -0.397156, 0.994141, -6.669312, -15.379791, -10.975952 
-0.083618, -0.324829, 1.031982, -8.119812, -13.204041, -2.482300 
-0.023438, -0.210022, 1.040283, -8.202057, -10.901184, 2.803802 
0.046692, -0.200378, 1.023682, -8.957214, -10.437622, 4.927216 
-0.063293, -0.126892, 1.034363, -9.465637, -8.261871, 7.230072 
-0.021179, -0.082458, 1.034851, -5.233765, -7.222595, 7.641296 
-0.004272, -0.175964, 1.004395, -4.388885, -7.641296, 4.702911 
0.030701, -0.235901, 0.975708, -3.611298, -8.157196, 6.818848 
-0.032837, -0.263000, 0.988525, -4.052429, -7.977753, 10.407715 
-0.032043, -0.229675, 1.029602, -5.570221, -8.104858, 15.574188 
0.043762, -0.100159, 1.047913, -9.136658, -7.245026, 18.056488 
0.033691, 0.010925, 1.006409, -10.706787, -6.788940, 13.891907 
0.032166, -0.002625, 0.981201, -8.897400, -10.332947, 3.461761 
0.016418, -0.142578, 1.004578, -6.415100, -12.269440, -3.454285 
-0.032837, -0.208862, 1.020264, -6.960907, -13.929291, -2.923431 
0.012207, -0.188538, 1.000000, -8.717957, -11.783447, -0.613098 
-0.013062, -0.182922, 1.009338, -10.160980, -11.962891, 0.949554 
-0.059387, -0.158752, 1.026978, -10.759125, -11.200256, 2.609406 
-0.023438, -0.137817, 0.983154, -11.618958, -9.727325, 2.392578 
-0.055359, -0.086121, 1.024475, -11.103058, -9.443207, -0.396271 
0.006348, -0.063843, 1.002014, -12.075043, -9.106750, -6.205750 
-0.024902, -0.116028, 1.018555, -10.841370, -11.761017, -10.138550 
-0.031982, -0.175781, 1.005737, -11.132965, -12.336731, -9.630127 
-0.060791, -0.190552, 1.021423, -11.155396, -12.134857, -5.278625 
-0.077576, -0.147522, 1.029114, -11.940460, -10.475006, -1.121521 
-0.067139, -0.105591, 1.017700, -12.239532, -9.151611, -0.822449 
-0.076599, -0.086487, 1.015564, -11.147919, -9.615173, -3.536530 
-0.058777, -0.086182, 1.005493, -10.654449, -9.510498, -6.527252 
-0.053406, -0.066895, 1.011108, -9.009552, -9.652557, -7.102966 
-0.067444, -0.117065, 1.020935, -7.170258, -8.882446, -6.459961 
-0.058960, -0.100098, 1.013672, -7.132874, -8.269348, -4.463654 
-0.044312, -0.057617, 1.007263, -6.639404, -7.574005, -4.246826 
-0.043701, -0.071411, 1.012939, -4.777679, -8.762817, -7.215118 
-0.093506, -0.132751, 1.056519, -4.777679, -8.089905, -8.433838 
-0.119385, -0.130005, 1.015198, -4.501038, -7.095490, -6.646881 
-0.114319, -0.098511, 0.999817, -4.418793, -6.482391, -6.160889 
-0.100098, -0.096191, 1.035828, -4.187012, -4.089813, -6.482391 
-0.097107, -0.124817, 1.008972, -3.783264, -3.506622, -7.439423 
-0.092896, -0.117432, 1.038147, -4.583282, -1.831818, -7.409515 
-0.077515, -0.119141, 1.023865, -5.330963, -1.644897, -8.007660 
-0.057373, -0.133423, 1.029114, -5.749664, -1.607513, -7.910461 
-0.050598, -0.135559, 1.053040, -7.177734, -1.936493, -7.618866 
0.016968, -0.173157, 1.060364, -9.764709, -1.585083, -10.041351 
0.042542, -0.132202, 1.031616, -14.318085, -3.289795, -7.880554 
0.013245, -0.193665, 0.991089, -17.660217, -8.202057, -6.340332 
0.038452, -0.145203, 1.008118, -20.568695, -13.690033, -3.342133 
0.017578, -0.217957, 1.046997, -23.671570, -18.647156, -1.106567 
0.001343, -0.196289, 1.080750, -27.492218, -21.196747, 2.915955 
-0.024048, -0.101135, 1.038452, -31.013794, -22.131348, 5.084229 
0.007324, -0.075134, 1.021118, -31.350250, -25.996857, 4.725342 
0.023193, -0.070374, 1.050598, -31.671753, -29.682922, 3.394470 
0.022644, -0.088562, 1.052246, -32.269897, -32.942810, 1.951447 
0.024048, -0.185974, 1.095337, -29.645538, -35.955963, 3.028107 
0.023315, -0.264465, 1.123230, -27.484741, -37.668152, 7.828217 
-0.030640, -0.275879, 1.135986, -30.856781, -39.335480, 16.434021 
-0.067322, -0.169128, 1.078064, -33.152161, -38.041992, 22.654724 
-0.087524, -0.120300, 1.076172, -27.454834, -33.301697, 23.088379 
0.089172, -0.156128, 0.990356, -15.619049, -21.660309, 16.620941 
0.262268, -0.243469, 0.923523, -4.052429, -8.149719, 4.493561 
0.118103, -0.395630, 0.938293, 4.179535, -0.919647, -3.596344 
0.213623, -0.319885, 0.857788, 9.046936, 16.777954, -6.033783 
0.113281, -0.222473, 0.891296, 17.047119, 30.946503, -10.564728 
0.075684, -0.292297, 0.872314, 24.688416, 44.232788, -17.787323 
0.032654, -0.293335, 0.901733, 30.864258, 54.012451, -21.181793 
-0.026001, -0.226685, 0.940186, 36.688690, 60.928497, -21.234131 
-0.087891, -0.210449, 0.960632, 42.169189, 62.722931, -20.359344 
-0.139893, -0.140808, 1.000488, 46.954346, 63.343506, -17.473297 
-0.172180, -0.087219, 0.960327, 50.446014, 60.808868, -15.686340 
-0.218567, -0.060181, 1.003235, 53.713379, 54.348907, -13.017120 
-0.240967, -0.013733, 1.065002, 57.354584, 49.017944, -8.374023 
-0.284546, 0.008423, 1.131287, 57.294769, 41.488800, -3.125305 
-0.296021, 0.069519, 1.182251, 53.399353, 37.997131, 2.654266 
-0.274536, 0.061646, 1.090515, 45.496368, 32.195129, 5.188904 
-0.289612, 0.092773, 1.079407, 36.255035, 23.664093, 6.504822 
-0.293213, 0.086792, 1.058777, 30.034332, 17.951813, 6.086121 
-0.278931, 0.081665, 1.047363, 25.742645, 13.084412, 3.850555 
-0.199524, -0.017883, 0.979492, 22.976227, 9.420776, 0.381317 
-0.134644, -0.019287, 0.954895, 21.226654, 7.035675, -4.471130 
-0.138245, -0.070435, 0.978821, 23.013611, 7.551575, -7.536621 
-0.159485, -0.028992, 1.095520, 25.241699, 12.605896, -8.725433 
-0.090393, -0.183167, 0.997925, 28.845520, 15.589142, -8.149719 
-0.035339, 0.053650, 0.969177, 20.135040, 16.755524, -3.843079 
-0.081665, 0.110962, 0.945312, 17.196655, 14.437714, -4.762726 
-0.032043, 0.055969, 0.887146, 13.592834, 8.045044, -3.484192 
-0.043030, 0.092468, 0.844055, 9.525452, 3.648682, 7.125397 
-0.093323, 0.240906, 0.814148, -0.396271, -2.579498, 19.050903 
-0.306519, 0.467468, 1.096008, -1.749573, -7.895508, 24.725800 
-0.193176, -0.034790, 1.246765, 11.312408, -7.865601, 3.484192 
-0.033691, -0.652771, 1.369934, 23.686523, -15.469513, -21.712646 
0.177612, -1.083618, 1.206604, 7.745972, -15.402222, -10.714264 
-0.000793, -0.043945, 1.039062, -19.454651, -7.880554, 17.921906 
-0.062256, 0.175415, 0.869080, -16.434021, -12.022705, 9.151611 
0.042786, -0.279297, 0.942932, -3.386993, -15.170441, -2.071075 
-0.003784, -0.225647, 1.086487, -5.869293, -11.604004, 5.121613 
0.033203, -0.095154, 1.047729, -7.880554, -11.005859, 8.710480 
-0.015198, -0.172119, 1.025879, -6.564636, -14.161072, 7.424469 
-0.060242, -0.125732, 1.023560, -7.185211, -11.686249, 7.701111 
-0.076904, -0.074524, 1.010071, -5.510406, -9.099274, 1.196289 
-0.084717, -0.186523, 1.041565, -2.557068, -9.570312, -6.086121 
-0.029053, -0.262756, 1.020264, -2.512207, -6.841278, -5.046844 
-0.028870, -0.255127, 1.025391, -2.041168, -5.914154, 1.727142 
-0.029053, -0.207886, 1.016174, -1.869202, -4.800110, 7.588959 
-0.028381, -0.142578, 1.001099, -1.315918, -3.020630, 8.456268 
-0.005371, -0.110229, 0.986206, -0.560760, -3.005676, 3.633728 
-0.007385, -0.179138, 0.998596, -0.687866, -5.099182, -2.601929 
-0.036804, -0.188965, 1.011353, -1.719666, -5.173950, -4.844971 
0.010315, -0.205322, 0.991577, -3.170166, -6.616974, -6.676788 
-0.030396, -0.195984, 1.007263, -3.753357, -6.602020, -6.400146 
0.003052, -0.184021, 0.982666, -4.732819, -7.349701, -7.140350 
-0.003296, -0.236755, 0.988892, -5.727234, -9.069366, -8.964691 
-0.010193, -0.260071, 0.992493, -8.045044, -10.175934, -9.660034 
-0.101990, -0.214905, 1.042908, -8.852539, -10.430145, -8.149719 
-0.100159, -0.137024, 1.033020, -8.815155, -8.037567, -6.445007 
-0.012207, -0.173828, 0.992798, -8.568420, -6.534729, -9.809570 
-0.046936, -0.218994, 1.026062, -8.433838, -7.259979, -9.331055 
-0.002502, -0.229736, 0.993469, -9.301147, -7.581482, -7.895508 
-0.050781, -0.203613, 1.012939, -10.572205, -9.383392, -5.286102 
-0.082520, -0.155212, 1.001770, -10.699310, -9.585266, -5.301056 
-0.068237, -0.146118, 1.019287, -9.817047, -9.689941, -5.697327 
-0.088318, -0.173096, 1.021484, -8.867493, -8.852539, -5.487976 
-0.073364, -0.147888, 1.026672, -8.254395, -8.254395, -4.501038 
-0.057922, -0.131775, 0.995056, -7.364655, -7.117920, -3.372040 
-0.075439, -0.197205, 1.024597, -6.213226, -8.089905, -2.751465 
-0.076294, -0.164734, 1.045471, -6.990814, -6.459961, -0.299072 
-0.077698, -0.151672, 1.017395, -7.409515, -6.175842, 0.418701 
-0.057129, -0.172607, 1.009094, -7.731018, -5.944061, -0.336456 
-0.063416, -0.176270, 1.007324, -8.628235, -6.975861, -0.740204 
-0.046936, -0.136658, 1.009949, -9.742279, -7.529144, -1.585083 
-0.077087, -0.129028, 1.014221, -9.413300, -8.830109, -2.841187 
-0.078613, -0.138611, 1.022888, -9.248810, -9.084320, -4.388885 
-0.065613, -0.137329, 1.020996, -9.989014, -9.585266, -6.093597 
-0.060852, -0.184875, 1.024109, -10.579681, -10.116119, -7.618866 
-0.072693, -0.175049, 1.030701, -12.389069, -10.587158, -6.183319 
-0.103088, -0.164246, 1.036438, -14.445190, -10.071259, -5.316010 
-0.105347, -0.168701, 1.040100, -16.441498, -9.944153, -6.377716 
-0.087891, -0.160278, 1.018921, -18.146210, -9.697418, -7.297363 
-0.054260, -0.176575, 1.022705, -19.275208, -10.946045, -7.245026 
0.018433, -0.233154, 1.064026, -22.183685, -13.772278, -6.003876 
0.026794, -0.245667, 1.053894, -27.155762, -16.583557, -0.710297 
0.026550, -0.150574, 1.054077, -32.546539, -20.135040, 4.246826 
0.056335, -0.114746, 1.047974, -35.679321, -24.479065, 4.127197 
0.131042, -0.175659, 1.045532, -39.253235, -30.699768, 0.635529 
0.071106, -0.228333, 1.096924, -43.425293, -37.309265, -0.358887 
0.006836, -0.109009, 1.128357, -48.240356, -38.602753, 2.534637 
-0.033386, -0.066589, 1.096741, -47.417908, -39.604645, 1.398163 
-0.028687, -0.136963, 1.111572, -41.369171, -42.191620, -0.478516 
-0.095581, -0.230835, 1.156555, -40.165405, -46.386108, -0.231781 
-0.109741, -0.255493, 1.162903, -40.576630, -46.864624, 3.506622 
-0.068298, -0.158142, 1.105835, -45.653381, -46.595459, 6.893616 
-0.149780, -0.133484, 1.094788, -48.173065, -46.460876, 7.798309 
-0.042175, -0.270020, 1.039368, -39.828949, -39.559784, 7.110443 
0.193665, -0.506653, 0.869202, -24.785614, -23.080902, 3.297272 
0.167358, -0.525696, 0.842102, -9.697418, -5.375824, 5.166473 
0.161865, -0.328064, 0.838562, 4.403839, 16.247101, 2.631836 
0.205322, -0.326172, 0.761780, 20.262146, 38.408356, -6.931000 
0.108093, -0.312012, 0.850647, 34.438171, 54.976959, -14.789124 
0.081421, -0.322266, 0.852051, 47.552490, 70.895081, -19.394836 
-0.008667, -0.341614, 0.904236, 55.948944, 76.315765, -20.613556 
-0.089661, -0.334045, 1.002502, 64.779053, 81.355133, -16.964874 
-0.127319, -0.235840, 1.074219, 72.450256, 85.175781, -10.998383 
-0.135559, -0.178223, 1.078918, 78.917694, 84.241180, -7.110443 
-0.168640, -0.118652, 1.123962, 81.714020, 77.766266, -2.504730 
-0.192932, -0.034363, 1.132874, 79.328918, 70.244598, 2.512207 
-0.263550, 0.089172, 1.166870, 72.293243, 58.782654, 8.553467 
-0.368103, 0.069519, 1.222961, 66.633301, 47.537537, 14.781647 
-0.286133, 0.124695, 1.089355, 55.732117, 38.647614, 20.538788 
-0.325623, 0.136780, 1.119812, 45.346832, 28.950195, 24.501495 
-0.352173, 0.248108, 1.106079, 33.989563, 27.529602, 26.677246 
-0.251038, 0.226624, 0.963440, 31.761475, 25.720215, 18.520050 
-0.213989, 0.079956, 0.932922, 33.750305, 20.598602, 10.138550 
-0.226318, -0.004883, 0.960754, 33.914795, 16.643372, 5.884247 
-0.231628, 0.000061, 0.999207, 32.068024, 16.583557, 4.112244 
-0.227478, -0.037231, 1.013672, 31.051178, 20.673370, 0.261688 
-0.261353, -0.000244, 0.941040, 27.716522, 20.486450, 3.215027 
-0.296570, 0.184570, 1.012756, 17.637787, 18.991089, 3.932800 
-0.293701, 0.302368, 0.972656, 6.579590, 15.559235, 2.160797 
-0.356689, 0.312317, 0.896179, -4.351501, 2.863617, 8.545990 
-0.548340, 0.605896, 1.268433, -13.241425, -8.919830, 13.577881 
0.087891, 0.064575, 1.327393, 4.508514, -11.566620, -10.146027 
0.354858, -1.122131, 1.130066, 21.959381, -14.751740, -30.587616 
0.302185, -0.763855, 1.139404, -9.824524, -20.105133, 0.927124 
0.047119, 0.248962, 0.983154, -21.884613, -11.820831, 23.275299 
-0.370422, 0.284912, 1.061890, -8.919830, -23.716431, 7.947845 
0.070618, -0.220276, 0.996033, -0.231781, -15.215302, -10.295563 
0.082825, -0.267822, 0.955627, -4.059906, -14.168549, -9.181519 
-0.075500, -0.066406, 1.095581, -1.607513, -10.878754, -6.863708 
-0.013489, -0.176086, 1.093567, 0.523376, -17.458344, -10.460052 
0.022278, -0.281189, 0.968018, -1.749573, -13.862000, -13.488159 
-0.044495, -0.329224, 0.993774, -4.388885, -14.804077, -13.248901 
-0.030701, -0.299316, 1.036743, -4.239349, -16.912537, -8.755341 
-0.061890, -0.301147, 1.012146, -5.383301, -12.598419, -4.269257 
-0.108337, -0.255310, 1.034790, -6.706696, -10.355377, -1.061707 
-0.035828, -0.158997, 1.011475, -5.525360, -9.226379, 0.785065 
-0.024780, -0.129517, 1.026794, -4.351501, -7.753448, -1.921539 
-0.018555, -0.151245, 1.002197, -3.925323, -7.289886, -5.450592 
-0.007446, -0.231445, 0.984436, -2.975769, -8.291779, -9.069366 
0.038513, -0.306763, 0.970032, -4.598236, -10.273132, -8.972168 
-0.081909, -0.279480, 1.038452, -6.579590, -10.751648, -4.792633 
-0.123901, -0.184692, 1.044495, -7.671204, -9.413300, -2.930908 
-0.107361, -0.154053, 1.000793, -7.065582, -5.891724, -4.471130 
-0.073975, -0.172180, 0.998657, -5.330963, -4.927216, -7.925415 
-0.036438, -0.230286, 1.002563, -4.732819, -4.284210, -9.667511 
-0.069458, -0.271179, 1.019592, -5.802002, -4.927216, -9.046936 
-0.032776, -0.246887, 1.009827, -7.544098, -3.843079, -6.474915 
-0.023376, -0.219482, 0.996887, -9.525452, -4.291687, -6.265564 
-0.013855, -0.200378, 0.986816, -10.415192, -5.158997, -6.826324 
-0.065063, -0.192932, 1.017029, -10.946045, -6.744080, -8.022614 
-0.023621, -0.155884, 0.987732, -11.245117, -6.489868, -7.783356 
-0.047302, -0.173096, 0.983643, -11.985321, -6.340332, -8.747864 
-0.080750, -0.239624, 1.024475, -12.561035, -7.499237, -10.078735 
-0.093933, -0.232788, 1.032715, -13.989105, -6.661835, -8.015137 
-0.079712, -0.170715, 1.027283, -14.265747, -5.697327, -6.504822 
-0.084290, -0.126282, 1.031128, -12.733002, -5.114136, -8.329163 
-0.072876, -0.103210, 1.027527, -11.761017, -5.099182, -12.299347 
-0.045288, -0.156128, 1.002319, -10.056305, -5.630035, -14.632111 
-0.068176, -0.190369, 1.014771, -11.888123, -6.699219, -14.325562 
-0.072388, -0.224304, 1.018738, -11.865692, -6.856232, -11.566620 
-0.108643, -0.219727, 1.025452, -10.886230, -5.368347, -8.471222 
-0.109558, -0.186218, 1.032349, -11.155396, -3.775787, -6.160889 
-0.095520, -0.168335, 1.019592, -10.946045, -2.766418, -5.899200 
-0.073853, -0.175293, 1.020691, -11.364746, -3.110352, -6.295471 
-0.044495, -0.173096, 1.002380, -11.955414, -3.087921, -6.400146 
-0.064697, -0.152649, 1.002869, -11.955414, -4.523468, -4.919739 
-0.060364, -0.164185, 0.997253, -11.192780, -5.330963, -3.364563 
-0.096619, -0.185181, 1.015747, -10.953522, -5.936584, -1.824341 
-0.121033, -0.183899, 1.035767, -12.276917, -5.435638, -0.897217 
-0.120239, -0.171448, 1.027039, -13.450775, -4.142151, -0.971985 
-0.129272, -0.141479, 1.022522, -14.654541, -3.581390, -1.839294 
-0.066467, -0.069397, 0.996521, -15.215302, -3.229980, -4.314117 
-0.055969, -0.089966, 1.001343, -14.318085, -4.628143, -7.992706 
-0.042786, -0.134277, 1.017517, -14.033966, -7.588959, -9.323578 
-0.062195, -0.160095, 1.017151, -15.305023, -8.695526, -7.476807 
-0.075134, -0.156250, 1.014709, -16.598511, -9.159088, -5.562744 
-0.069153, -0.187988, 1.044922, -17.951813, -10.594635, -5.188904 
-0.066711, -0.260193, 1.090881, -20.935059, -11.574097, -4.246826 
-0.041748, -0.274048, 1.107178, -26.019287, -11.955414, -2.100983 
-0.029053, -0.196106, 1.072510, -32.509155, -12.089996, 0.104675 
-0.037048, -0.112000, 1.020935, -35.686798, -14.512482, 2.018738 
-0.001465, -0.100891, 1.015381, -36.142883, -18.490143, 1.532745 
-0.074585, -0.109558, 1.055054, -35.283051, -21.735077, 1.278534 
-0.068420, -0.065125, 1.063049, -35.126038, -23.036041, 1.996307 
-0.075562, -0.058899, 1.065369, -34.707336, -24.284668, 0.186920 
-0.041199, -0.138123, 1.095154, -33.047485, -27.798767, -2.579498 
-0.064697, -0.158386, 1.110474, -33.271790, -29.742737, -1.196289 
0.049561, -0.236206, 1.039368, -34.819489, -32.434387, 2.370148 
-0.006836, -0.305298, 1.077698, -40.352325, -38.759766, 5.644989 
-0.148682, -0.294922, 1.126404, -43.686981, -37.870026, 13.196564 
-0.202087, -0.178894, 1.114014, -46.184235, -37.070007, 21.174316 
-0.213013, -0.041809, 1.112427, -45.623474, -34.976501, 24.381866 
-0.238098, 0.002747, 1.110046, -44.853363, -33.361511, 20.897675 
-0.255859, 0.012146, 1.170776, -42.647705, -31.933441, 15.394745 
-0.226868, -0.088806, 1.169861, -39.567261, -26.894073, 7.566528 
-0.071777, -0.317200, 0.987793, -29.167023, -16.119995, 1.196289 
0.293884, -0.638367, 0.784058, -13.921814, -9.166565, 6.534729 
0.042297, -0.572021, 0.914124, -0.381317, -5.390778, 20.516357 
0.130005, -0.526367, 0.859558, 19.357452, 12.658234, 25.458527 
0.185181, -0.404175, 0.819092, 30.266113, 25.428619, 24.030457 
0.127319, -0.209045, 0.904419, 44.935608, 43.619690, 20.837860 
0.113159, -0.150085, 0.864563, 53.122711, 53.728333, 10.310516 
0.027100, -0.143677, 0.931702, 58.775177, 60.771484, 1.592560 
-0.051392, -0.138794, 0.960938, 59.829407, 68.622131, -4.344025 
-0.083679, -0.112549, 0.975647, 60.502319, 70.753021, -8.538513 
-0.089905, -0.119690, 0.960510, 65.743561, 70.401611, -7.327271 
-0.104614, -0.162964, 1.016174, 71.732483, 63.201447, -1.413116 
-0.258423, -0.098022, 1.220215, 78.723297, 58.483582, 10.168457 
-0.310547, 0.046326, 1.180908, 79.067230, 54.834900, 24.957581 
-0.349487, 0.173828, 1.151245, 78.125153, 43.350525, 31.634369 
-0.399231, 0.280273, 1.202087, 72.465210, 37.750397, 33.488617 
-0.374817, 0.327026, 1.160522, 63.470612, 34.497986, 28.598785 
-0.353394, 0.255920, 1.106140, 55.859222, 31.873627, 17.465820 
-0.242432, 0.117188, 1.037720, 51.186218, 30.355835, 6.205750 
-0.205139, -0.029663, 1.080444, 49.167480, 29.727783, -0.276642 
-0.215088, -0.071899, 1.116089, 46.101990, 31.791382, -0.216827 
-0.221069, 0.085693, 1.073486, 39.985962, 33.241882, 1.390686 
-0.155457, 0.110779, 0.969421, 39.357910, 32.374573, -3.327179 
-0.159180, -0.069824, 0.973450, 39.971008, 27.223053, -7.200165 
-0.142395, -0.122131, 0.998535, 39.178467, 24.725800, -2.512207 
-0.141174, -0.046204, 0.988403, 34.991455, 22.886505, 4.717865 
-0.084473, 0.004150, 0.975586, 34.423218, 21.054688, 6.639404 
-0.068176, 0.005798, 0.975464, 29.899750, 18.258362, 6.295471 
-0.173035, 0.100830, 1.057312, 23.865967, 13.779755, 5.667419 
-0.227417, 0.194702, 1.061401, 16.807861, 14.183502, 0.186920 
-0.173401, 0.123230, 0.910706, 12.673187, 10.056305, -7.858124 
-0.167358, 0.199280, 0.935364, 0.770111, 2.811279, -13.368530 
-0.084473, 0.204041, 0.964905, -3.416901, 0.485992, -15.245209 
0.131714, 0.161987, 0.830078, -6.392670, 5.480499, -12.733002 
0.131287, -0.298462, 0.926697, -3.671112, 7.932892, -23.432312 
-0.200928, -1.103027, 1.186340, 6.474915, 3.760834, -27.140808 
-0.009277, -1.270935, 1.445129, 11.454468, -15.095673, -9.540405 
0.138733, -0.581238, 1.290710, -4.164581, -15.327454, 37.638245 
0.083374, 0.388977, 0.958801, -21.480865, -2.519684, 50.737610 
-0.067566, 0.444458, 0.854919, -18.647156, -7.566528, 8.418884 
0.178040, -0.281006, 0.846008, -1.764526, -7.387085, -20.456543 
0.122375, -0.328247, 0.971375, -0.829926, -13.712463, -16.493835 
0.074402, -0.222839, 1.025024, -3.364563, -10.317993, -8.717957 
-0.011658, -0.226501, 1.024658, -1.936493, -12.852631, -5.016937 
-0.018311, -0.225769, 1.031860, -0.089722, -12.486267, -7.820740 
-0.041382, -0.344666, 0.991272, -3.162689, -11.536713, -12.673187 
-0.032104, -0.378418, 1.019165, -7.050629, -9.951630, -10.273132 
-0.039795, -0.315552, 1.015625, -7.745972, -8.957214, -5.435638 
-0.023132, -0.320923, 0.970947, -7.259979, -6.983337, -4.276733 
0.001526, -0.276001, 0.983276, -6.512299, -7.521667, -3.686066 
-0.033630, -0.340576, 0.987915, -6.616974, -7.985229, -2.459869 
0.040833, -0.213989, 1.006714, -9.226379, -6.445007, -1.084137 
0.030945, -0.259766, 0.932861, -9.592743, -6.422577, -4.127197 
-0.010498, -0.296021, 0.992065, -9.017029, -8.688049, -5.585175 
0.002197, -0.310120, 0.960266, -9.884338, -8.045044, -4.037476 
-0.004944, -0.286438, 0.975159, -10.228271, -10.056305, -2.295380 
0.018494, -0.254761, 0.987244, -8.703003, -12.635803, 0.695343 
0.016479, -0.267700, 0.942139, -8.695526, -14.856415, 1.786957 
-0.017456, -0.282288, 0.971619, -7.701111, -16.987305, 2.781372 
-0.028748, -0.270874, 1.000488, -7.895508, -17.062073, 4.979553 
0.029297, -0.175781, 0.950989, -8.411407, -16.374207, 5.001984 
-0.036255, -0.319336, 1.003784, -6.138458, -18.407898, 0.471039 
-0.124207, -0.202271, 1.037170, -8.508606, -15.125580, 5.308533 
-0.070251, -0.140015, 1.055847, -8.007660, -12.276917, 0.912170 
-0.068970, -0.086731, 1.056824, -7.813263, -11.678772, -2.504730 
0.019043, -0.089722, 0.951111, -6.198273, -8.934784, -7.559052 
0.081848, -0.166138, 0.978577, -4.306641, -13.241425, -13.675079 
-0.052246, -0.306824, 0.997742, -3.760834, -13.622742, -17.847137 
-0.045410, -0.271606, 1.025696, -6.534729, -17.802277, -16.703186 
-0.078613, -0.278015, 1.027649, -8.531036, -16.650848, -12.351685 
-0.125122, -0.329651, 1.010071, -10.901184, -18.841553, -11.245117 
-0.178040, -0.259949, 1.073792, -10.160980, -15.843353, -6.385193 
-0.153381, -0.153198, 1.025085, -11.282501, -11.813354, -4.314117 
-0.150391, -0.141846, 1.003296, -8.957214, -10.736694, -5.652466 
-0.112122, -0.193359, 0.999023, -6.848755, -9.996490, -7.372131 
-0.155701, -0.299622, 1.033020, -5.936584, -9.869385, -6.818848 
-0.121277, -0.271912, 1.039429, -7.372131, -6.848755, -2.788849 
-0.080750, -0.199646, 0.987427, -8.815155, -5.121613, -0.919647 
-0.073181, -0.166687, 0.992126, -7.768402, -7.065582, -1.629944 
-0.109375, -0.199280, 1.026917, -6.826324, -8.179626, -1.801910 
-0.098267, -0.196167, 1.010803, -6.908569, -7.110443, -0.231781 
-0.109924, -0.153992, 1.028687, -4.755249, -6.168365, 1.308441 
-0.120667, -0.213501, 1.025696, -5.869293, -5.368347, 0.560760 
-0.144653, -0.212280, 1.041626, -6.033783, -4.523468, 1.114044 
-0.116028, -0.125183, 1.005249, -6.676788, -2.115936, -0.957031 
-0.135864, -0.115173, 1.030029, -4.934692, -3.409424, -2.811279 
-0.079590, -0.158875, 0.989441, -2.714081, -2.145844, -4.628143 
-0.114624, -0.232605, 1.029785, -2.474823, -3.693542, -6.011353 
-0.097900, -0.251770, 1.017334, -3.753357, -3.416901, -3.932800 
-0.075317, -0.184204, 1.025085, -4.919739, -3.386993, -1.734619 
-0.055115, -0.196411, 0.991455, -5.547791, -3.723450, -3.028107 
-0.115173, -0.206726, 1.032349, -6.228180, -6.250610, -5.129089 
-0.083801, -0.158875, 1.007019, -6.736603, -6.108551, -5.405731 
-0.081604, -0.160278, 0.988770, -7.073059, -7.760925, -6.960907 
-0.097229, -0.239746, 1.024353, -6.557159, -9.338531, -7.499237 
-0.106201, -0.272156, 1.037781, -8.471222, -10.056305, -5.644989 
-0.135193, -0.234375, 1.024597, -10.467529, -9.121704, -2.945862 
-0.144043, -0.222107, 1.010681, -11.843262, -10.003967, -2.557068 
-0.161926, -0.232788, 1.022583, -10.990906, -10.452576, -2.190704 
-0.189636, -0.211243, 1.111511, -12.374115, -9.794617, -2.250519 
-0.116760, -0.094727, 0.992310, -15.506897, -4.650574, 0.538330 
-0.118835, -0.112610, 1.014160, -11.708679, -6.990814, -3.087921 
-0.102356, -0.153809, 1.053162, -11.260071, -8.134766, -5.816956 
-0.082458, -0.139954, 1.036926, -12.478790, -8.703003, -6.706696 
-0.085571, -0.178406, 1.041138, -13.480682, -12.045135, -8.717957 
-0.054199, -0.207397, 1.032471, -15.162964, -11.514282, -7.454376 
-0.091431, -0.202087, 1.056580, -17.637787, -14.706879, -6.519775 
-0.068481, -0.176575, 1.026855, -20.329437, -16.306915, -5.674896 
-0.099426, -0.141235, 1.034546, -21.884613, -18.355560, -6.325378 
-0.083069, -0.105774, 1.058472, -22.467804, -20.299530, -6.938477 
-0.123413, -0.067200, 1.070068, -22.893982, -20.321960, -8.067474 
-0.077576, -0.049927, 1.036255, -23.574371, -21.989288, -11.417084 
-0.066895, -0.088928, 1.044373, -23.686523, -26.669769, -14.572296 
-0.033569, -0.192200, 1.056396, -24.277191, -32.441864, -18.049011 
-0.015076, -0.263977, 1.104004, -25.294037, -36.935425, -20.209808 
0.019287, -0.288208, 1.116455, -28.195038, -39.985962, -19.649048 
-0.038940, -0.243958, 1.149536, -34.011993, -42.460785, -17.645264 
-0.028076, -0.114258, 1.133301, -40.045776, -45.795441, -18.542480 
-0.151611, -0.100586, 1.167358, -43.843994, -50.857239, -23.791199 
-0.169678, -0.115723, 1.180664, -45.122528, -49.900208, -27.372589 
-0.195068, -0.163086, 1.177551, -41.989746, -47.171173, -28.008118 
-0.267883, -0.208984, 1.174561, -38.520508, -43.006592, -26.340790 
-0.248535, -0.299377, 1.088013, -36.112976, -36.382141, -23.110809 
-0.123657, -0.453064, 0.952209, -34.445648, -28.501587, -20.075226 
0.036987, -0.529175, 0.931030, -24.254761, -14.385376, -12.448883 
0.088501, -0.471130, 0.760803, -5.383301, 1.502838, -3.401947 
-0.030457, -0.255920, 0.756287, 7.028198, 18.176117, -1.839294 
-0.024780, -0.285156, 0.813782, 17.077026, 29.458618, -10.639496 
-0.025269, -0.257080, 0.791260, 27.155762, 48.950653, -14.908752 
-0.086487, -0.213501, 0.827332, 36.883087, 62.057495, -18.736877 
-0.120972, -0.248291, 0.910522, 47.305756, 69.698792, -21.480865 
-0.129822, -0.279297, 0.934265, 54.259186, 78.745728, -19.865875 
-0.161926, -0.265076, 0.910767, 58.842468, 84.151459, -14.295654 
-0.197510, -0.225952, 0.934631, 63.859406, 82.925262, -9.667511 
-0.182373, -0.227417, 0.929688, 66.102448, 83.538361, -5.981445 
-0.194336, -0.183777, 1.016785, 65.691223, 80.599976, -1.457977 
-0.228455, -0.154968, 1.188049, 64.435120, 77.751312, 2.856140 
-0.300964, 0.026978, 1.428894, 55.552673, 78.177490, 10.871277 
-0.245056, 0.195923, 1.289429, 45.219727, 83.829956, 11.424561 
-0.212769, 0.051758, 1.151550, 39.447632, 74.297028, 1.577606 
-0.195618, -0.214905, 1.164673, 22.378082, 65.676270, -1.345825 
-0.255432, -0.278564, 1.157776, 3.080444, 59.006958, 8.658142 
-0.119995, -0.261902, 1.057922, -24.740753, 52.487183, 23.409882 
-0.121094, -0.016724, 1.046326, -56.203156, 34.520416, 29.600677 
-0.208618, 0.124329, 1.084717, -64.719238, 32.905426, 18.819122 
-0.304993, 0.495605, 1.067017, -44.554291, 34.640045, 19.693909 
-0.307373, 0.685669, 0.880859, -3.917847, 36.023254, 7.177734 
0.067139, 0.247681, 0.695312, 19.357452, 25.480957, -25.294037 
-0.037415, -0.089355, 0.974670, 13.637695, 7.499237, -37.473755 
-0.100281, -0.010742, 1.074280, 4.329071, 12.463837, -26.714630 
-0.032715, -0.048706, 1.034546, -3.237457, 12.822723, -21.652832 
-0.034546, -0.126404, 1.044495, -17.450867, 10.901184, -17.480774 
0.048584, -0.177612, 1.064819, -38.423309, 5.517883, -5.562744 
-0.131958, -0.124084, 1.103882, -77.145691, -5.054321, 5.360870 
-0.071594, 0.398193, 1.025879, -108.039856, -7.551575, 9.809570 
-0.123108, 0.298035, 0.999329, -116.428833, -8.740387, 14.063873 
-0.496277, 0.491699, 0.950745, -114.709167, -5.966492, 16.695709 
0.002869, 0.664001, 0.965820, -73.190460, -0.463562, 17.024689 
0.267395, 0.297363, 0.702881, -21.884613, -29.645538, -11.118011 
0.074951, -0.188354, 1.083008, -10.975952, -47.036591, -22.789307 
0.136841, -0.136230, 1.340332, -21.720123, -46.475830, -20.837860 
-0.072144, -0.210022, 1.362793, -26.325836, -25.234222, -11.312408 
0.032288, -0.154480, 1.037109, -31.447449, -10.729218, 11.731110 
0.529602, 0.058533, 0.903870, -39.313049, -28.972626, 26.325836 
-0.172791, 0.167786, 1.102051, -38.139191, -28.740845, 24.404297 
-0.026794, 0.308838, 0.947632, -19.058380, -6.788940, 17.577972 
0.023987, 0.231262, 0.901794, -7.917938, -11.589050, 6.975861 
-0.096436, 0.219421, 1.052612, -7.716064, -18.834076, -2.235565 
-0.053650, 0.067505, 1.055237, -7.536621, -14.026489, -11.387177 
-0.000366, -0.064209, 1.004272, -14.377899, -12.523651, -18.736877 
-0.054565, -0.086914, 1.053711, -14.205933, -10.018921, -9.480591 
-0.018250, 0.057800, 1.022827, -12.075043, -12.374115, 7.357178 
-0.026917, 0.139465, 1.002747, -12.665710, -10.033875, 12.411499 
-0.034119, 0.126770, 0.981567, -10.355377, -9.824524, 13.809662 
-0.072998, 0.149719, 0.978027, -6.893616, -12.202148, 12.404022 
-0.064819, 0.157898, 0.983215, -2.362671, -12.202148, 8.807678 
-0.105469, 0.145203, 1.011108, -2.489777, -10.497437, 4.785156 
-0.074890, 0.111572, 0.978821, -2.886047, -8.007660, 1.076660 
-0.046753, 0.095093, 0.977966, -1.338348, -7.117920, 0.530853 
-0.050171, 0.070129, 1.004395, 0.874786, -4.942169, 2.871094 
-0.059570, 0.066284, 1.028687, 1.465454, -5.577698, 4.366455 
-0.078430, 0.112854, 1.015991, 2.078552, -3.095398, 4.613190 
-0.085571, 0.115906, 1.017212, 1.697235, -2.168274, 0.351410 
-0.080688, 0.082825, 0.997437, 1.188812, -0.127106, -4.523468 
-0.034119, 0.037903, 0.984253, 0.171967, -4.777679, -4.269257 
-0.054443, 0.029358, 1.005371, -0.837402, -5.114136, -1.996307 
-0.060852, 0.028015, 1.012024, -2.257996, -5.031891, 2.631836 
-0.025330, -0.014893, 1.005310, -4.912262, -6.101074, 6.766510 
-0.044250, 0.037964, 1.017517, -7.147827, -10.542297, 12.404022 
-0.026550, 0.069763, 0.994568, -8.815155, -10.975952, 13.361053 
-0.077209, 0.169983, 1.044067, -11.768494, -8.882446, 13.480682 
-0.142029, 0.164734, 1.028931, -9.114227, -7.147827, 5.592651 
-0.109497, 0.193176, 0.986389, -3.125305, -2.302856, 1.024323 
-0.086975, 0.227844, 0.998474, -1.383209, -5.487976, -4.560852 
-0.056946, 0.094666, 1.020142, 0.792542, -4.224396, -10.452576 
-0.085388, 0.075867, 1.035095, 0.328979, -4.015045, -10.018921 
-0.060852, 0.077393, 1.021606, -1.188812, -3.200073, -10.198364 
-0.075012, 0.156006, 1.047241, -2.915955, -3.379517, -12.134857 
-0.066772, 0.215088, 0.989868, -2.213135, -1.218719, -17.682648 
-0.030945, 0.170898, 0.958435, 0.493469, -5.884247, -22.535095 
-0.046570, 0.093628, 1.008484, 3.708496, -8.306732, -25.338898 
-0.076294, -0.032349, 1.035583, 3.050537, -9.226379, -20.366821 
-0.132019, -0.036926, 1.053162, 0.157013, -8.688049, -12.994690 
-0.132263, 0.046021, 1.057129, -1.981354, -5.570221, -10.871277 
-0.129028, 0.057495, 1.053833, -2.123413, -3.043060, -14.078827 
-0.090149, 0.084473, 1.000916, -5.375824, -2.048645, -16.045227 
-0.050232, 0.015747, 1.005127, -8.261871, -3.072968, -18.863983 
0.011902, -0.014099, 1.013489, -10.946045, -6.445007, -16.598511 
0.000305, -0.008545, 1.036743, -12.860107, -10.587158, -14.280701 
0.040649, 0.025452, 1.002502, -16.561127, -13.704987, -11.940460 
0.036865, 0.049316, 1.039551, -17.764893, -16.979828, -11.245117 
0.042664, -0.015808, 1.075623, -19.447174, -21.862183, -12.703094 
0.072327, -0.072937, 1.089966, -22.789307, -25.570679, -7.267456 
-0.005310, 0.069275, 1.123230, -24.434204, -28.381958, -1.009369 
-0.055115, 0.176025, 1.089844, -22.101440, -28.770752, -1.360779 
-0.072754, 0.159302, 1.030701, -19.282684, -24.867859, -2.773895 
-0.074097, 0.133667, 0.998230, -18.908844, -28.643646, -2.908478 
-0.111938, 0.149780, 1.000610, -19.140625, -34.221344, -2.078552 
-0.100464, 0.139465, 1.005249, -20.037842, -38.991547, -3.880463 
-0.118164, 0.085327, 1.038757, -21.974335, -40.636444, -8.822632 
-0.271179, 0.159729, 1.066162, -19.499512, -28.112793, -5.480499 
-0.262939, 0.235352, 0.942139, -15.506897, -13.884430, -10.160980 
-0.052246, 0.153137, 0.822571, -15.619049, -13.764801, -21.226654 
-0.036743, 0.170471, 0.882568, -15.290070, -10.385284, -32.397003 
-0.019043, 0.155701, 0.970886, -5.405731, 0.209351, -43.290710 
-0.010315, 0.083374, 0.970093, -0.493469, 14.078827, -51.305847 
-0.043030, 0.067322, 1.013794, -1.839294, 19.888306, -53.563843 
-0.017456, 0.060852, 1.042969, -0.149536, 26.961365, -53.257294 
-0.099792, 0.001221, 1.100281, 1.540222, 35.455017, -51.044159 
-0.017822, 0.172485, 1.061462, -4.523468, 40.942993, -28.875427 
-0.102234, 0.182434, 1.172607, -19.207916, 43.163605, -26.617432 
-0.036499, 0.205200, 1.068604, -33.810120, 31.282959, -19.970551 
-0.048462, 0.161926, 0.993286, -50.730133, 17.839661, -9.906769 
-0.072327, 0.252808, 0.770264, -42.221527, 6.646881, -3.132782 
-0.175903, 0.241760, 1.004822, -20.830383, 7.237549, -13.301239 
-0.111084, 0.521545, 1.075684, -10.803986, 7.484283, 1.547699 
-0.298218, 0.376221, 0.928833, -9.809570, 13.824615, -12.060089 
-0.120300, 0.311646, 0.787292, -18.624725, 16.202240, -8.605804 
-0.167786, 0.425903, 0.671448, -23.529510, 11.304932, -21.039734 
-0.116150, 0.330200, 0.840820, -9.854431, 12.187195, -30.408173 
-0.123413, 0.360474, 0.946228, -1.824341, 8.830109, -25.884705 
-0.118835, 0.297791, 0.953064, -5.173950, 7.925415, -25.503387 
-0.060547, 0.249756, 0.930176, -6.325378, 6.011353, -21.936951 
-0.072632, 0.199951, 0.922974, -1.614990, 1.173859, -13.914337 
-0.095947, 0.190735, 0.948792, 4.426270, 0.755157, -5.891724 
-0.243286, 0.200134, 0.994629, 7.760925, 3.110352, 0.814972 
-0.312195, 0.219971, 0.989319, 11.648865, 3.192596, 14.923706 
-0.178711, 0.206055, 0.959656, 10.953522, -8.112335, 18.138733 
-0.206787, 0.263184, 1.022156, 6.459961, -9.891815, 18.871460 
-0.219177, 0.259399, 1.042114, 3.058014, -0.336456, 15.850830 
-0.223083, 0.223633, 0.998840, 3.185120, 7.387085, 8.336639 
-0.172668, 0.210205, 0.925598, 5.473022, 6.811371, -0.306549 
-0.158142, 0.246338, 0.924805, 6.459961, 4.687958, -5.129089 
-0.172302, 0.229431, 0.945801, 10.063782, 2.332764, -11.529236 
-0.159363, 0.201050, 0.951782, 11.716156, 0.732727, -13.166656 
-0.155945, 0.170776, 0.979309, 9.166565, -0.672913, -13.600311 
-0.151550, 0.163391, 0.996094, 6.796417, -1.966400, -13.592834 
-0.098633, 0.129028, 0.989868, 6.729126, -1.031799, -13.450775 
-0.047302, 0.108704, 0.995117, 5.465546, -4.486084, -12.815247 
-0.056274, 0.109192, 1.026917, 2.519684, -3.484192, -10.684357 
-0.070374, 0.131104, 1.016846, 1.233673, -0.216827, -7.484283 
-0.058044, 0.148926, 0.961731, 0.762634, 1.300964, -4.306641 
-0.052063, 0.172791, 0.953064, 0.231781, -0.224304, -1.899109 
-0.051331, 0.182007, 0.978394, 0.613098, -1.256104, -1.562653 
-0.047852, 0.190369, 1.005859, -0.276642, -0.605621, -2.407532 
-0.047852, 0.202026, 1.002197, -0.755157, -0.142059, -4.717865 
-0.031982, 0.239929, 0.989868, -1.114044, 0.605621, -6.766510 
-0.024963, 0.236572, 0.957275, -1.338348, 1.704712, -9.106750 
-0.013855, 0.236267, 0.932312, -1.114044, 0.897217, -10.258179 
-0.006775, 0.232056, 0.931274, 1.069183, -0.620575, -10.602112 
-0.006287, 0.215576, 0.959412, 1.869202, -2.138367, -10.183411 
-0.009277, 0.197632, 0.976746, 2.377625, -2.534637, -9.809570 
-0.018860, 0.182800, 0.988586, 2.721558, -1.749573, -7.835693 
-0.020813, 0.156433, 0.976562, 2.616882, 0.388794, -5.256195 
-0.017334, 0.163513, 0.949951, 2.729034, 1.315918, -1.734619 
-0.028687, 0.164062, 0.956055, 2.871094, 0.553284, 1.143951 
-0.048218, 0.149963, 0.981995, 2.886047, 0.403748, 2.908478 
-0.049805, 0.154419, 0.987000, 3.282318, -0.171967, 4.127197 
-0.066833, 0.171936, 0.983337, 3.185120, 0.306549, 4.859924 
-0.050903, 0.196106, 0.973633, 2.130890, -0.732727, 2.437439 
-0.055908, 0.221680, 0.978638, 0.949554, -0.336456, 0.261688 
-0.044983, 0.218628, 0.957397, 0.657959, -0.403748, -2.609406 
-0.039246, 0.209167, 0.961060, 0.500946, -1.420593, -5.869293 
-0.048279, 0.180481, 0.980408, 1.256104, -3.977661, -8.059998 
-0.050232, 0.150940, 1.016418, 1.547699, -4.807587, -9.316101 
-0.060547, 0.122559, 1.027527, 3.760834, -3.431854, -7.529144 
-0.063904, 0.131836, 1.014404, 5.592651, -0.508423, -3.491669 
-0.062805, 0.141541, 0.984009, 6.123505, 0.957031, -1.338348 
-0.054077, 0.164246, 0.965881, 3.940277, 1.039276, 0.261688 
-0.048218, 0.175903, 0.969849, 1.315918, -0.044861, -0.538330 
-0.056030, 0.171997, 0.978821, 1.420593, -1.188812, -1.510315 
-0.038147, 0.154053, 0.974365, 1.801910, -1.727142, -2.190704 
-0.046814, 0.145081, 0.999573, 2.130890, -2.190704, -1.891632 
-0.053833, 0.148865, 1.003357, 2.848663, -1.854248, -0.568237 
-0.059082, 0.177307, 0.999573, 3.544006, -0.418701, 0.643005 
-0.040100, 0.176270, 0.981934, 2.489777, 0.336456, 0.381317 
-0.054626, 0.169250, 0.991272, 3.132782, -0.216827, 0.620575 
-0.067993, 0.153076, 1.001953, 3.738403, -0.224304, 1.203766 
-0.062012, 0.141052, 0.999878, 3.730927, 0.224304, 2.190704 
-0.072449, 0.155518, 0.995239, 3.715973, 1.390686, 2.579498 
-0.067810, 0.173950, 0.974060, 3.237457, 2.332764, 2.444916 
-0.065369, 0.176636, 0.964355, 3.394470, 1.689758, 0.463562 
-0.072998, 0.164612, 0.975586, 3.701019, 0.261688, -1.069183 
-0.081177, 0.147949, 0.987854, 3.469238, -0.605621, -2.205658 
-0.076355, 0.129822, 0.989990, 2.676697, -0.814972, -2.766418 
-0.062683, 0.115356, 1.000000, 2.175751, -0.538330, -1.988831 
-0.063110, 0.110168, 1.009155, 1.981354, -0.807495, -0.568237 
-0.052124, 0.157776, 0.997986, 0.949554, 0.119629, 0.216827 
-0.039185, 0.170593, 0.974304, -0.119629, 0.904694, 0.029907 
-0.031006, 0.185303, 0.964661, 0.448608, -0.194397, -0.598145 
-0.034546, 0.183167, 0.961792, 0.657959, -1.345825, -1.443024 
-0.037109, 0.167786, 0.968994, 0.119629, -2.639313, -2.796326 
-0.028137, 0.136475, 0.978699, -0.059814, -3.805695, -3.132782 
-0.033569, 0.124268, 1.005615, -0.112152, -4.291687, -1.861725 
-0.037781, 0.125977, 1.018860, -0.224304, -3.730927, -0.500946 
-0.047913, 0.135071, 1.035217, -0.186920, -2.489777, 0.889740 
-0.070312, 0.145569, 1.034729, -0.366364, -1.241150, 1.831818 
